
2673 17250  
2613 17949  
287 18656  
196 18915  
167 19265  
60 19357  
0 20056  

781 15270  
493 15317  
402 16381  
348 18327  
0 18654  

3623 22934  
3000 22952  
2391 22964  
354 24341  
91 24451  
0 24545  

785 15224  
321 15231  
262 15718  
203 15973  
144 16457  
23 22308  
0 22724  

738 18472  
624 18644  
560 19513  
538 20436  
522 20908  
447 20913  
300 21094  
0 21315  

997 21613  
912 21643  
0 22203  

672 22120  
384 22167  
324 22271  
0 24884  

3499 17898  
3133 17988  
1804 18000  
1021 18094  
982 18142  
930 18754  
91 21446  
0 21705  

645 19821  
210 19915  
134 20193  
0 20991  

1108 18731  
667 18935  
379 18982  
347 19047  
288 19380  
0 20814  

439 19862  
151 19909  
91 19959  
60 20383  
0 20433  

2227 19559  
1863 19749  
1303 21763  
1129 21769  
1070 21897  
880 22081  
706 22087  
423 22314  
364 22442  
0 22632  

1623 16818  
1536 17120  
1508 17594  
1480 18200  
1396 18454  
0 22876  

3611 18176  
352 18359  
91 18363  
0 18840  

589 12755  
498 13056  
415 13278  
379 13300  
324 13579  
288 13601  
87 18589  
0 18687  

563 21761  
472 21802  
91 22715  
59 22780  
0 23269  

934 22726  
337 22808  
163 22814  
76 22855  
0 23280  

1220 15862  
1079 15935  
998 16035  
917 16195  
836 16355  
0 24940  

4514 20052  
3934 20599  
511 21883  
18 22041  
0 22911  

3851 21566  
3760 22140  
3416 22330  
595 22767  
334 22973  
243 24380  
0 24845  
