
435 22863  
0 22878  

2610 17120  
2242 17166  
2151 17541  
1734 17680  
1251 17812  
1220 18164  
1160 18479  
0 23943  

3547 17412  
2987 17421  
2928 17507  
2564 17628  
2454 18021  
2031 18228  
1944 18495  
0 25770  

265 19206  
91 19257  
0 20004  

2249 19662  
2217 19727  
2158 20252  
91 23056  
59 23121  
0 23506  

3335 18298  
2902 18301  
2230 18310  
1840 18319  
1837 18535  
1773 18668  
1368 18848  
1302 20901  
1140 21545  
0 24410  

1039 13433  
882 13514  
806 13622  
803 13672  
646 13753  
570 13861  
236 22244  
0 22465  

1987 16295  
937 16312  
856 16483  
846 16762  
304 16990  
0 21329  

681 17631  
605 17708  
453 18220  
335 18759  
118 24339  
0 24725  

3714 16019  
3192 17289  
1849 17310  
928 17699  
760 17773  
0 25273  

5755 19844  
174 20087  
154 20146  
67 20379  
0 20413  

1001 14751  
959 15319  
777 15616  
690 16478  
644 16981  
455 22926  
0 22987  

1565 18401  
1397 18404  
1351 18595  
1183 18598  
1124 18726  
992 18882  
928 18913  
760 18916  
423 22197  
364 22325  
0 22515  

2037 15914  
2009 16130  
1950 16525  
1922 16796  
1744 19017  
1075 19477  
984 19761  
0 24255  

3839 15313  
3197 15448  
2897 16413  
1863 17619  
0 20723  

287 14639  
246 14858  
126 16211  
108 16441  
90 16671  
0 22272  

6225 18558  
6038 18637  
5802 18876  
5011 18877  
3690 18921  
2792 21295  
423 22067  
0 22385  

2670 15748  
2614 16303  
2300 16645  
1950 16700  
1835 16750  
1602 16861  
1586 18252  
1412 18507  
0 22924  

708 13248  
420 13295  
360 13345  
293 13438  
234 13814  
0 25281  

526 26218  
494 26283  
435 26312  
91 26332  
59 26397  
0 26426  
