
3291 14151  
2959 14358  
2721 15028  
1791 16287  
1368 16940  
182 21176  
91 21860  
0 22300  

2175 19458  
2099 19551  
1939 19697  
1863 19790  
584 21805  
323 21814  
87 22053  
0 22622  

677 21792  
489 21807  
416 21980  
0 22167  

87 22531  
0 22564  

2035 16136  
1908 16210  
330 18593  
194 18640  
120 21284  
0 21661  

3259 17445  
2546 18402  
2111 18543  
2020 19258  
0 23303  

2477 18798  
2354 19018  
2018 19272  
1841 19639  
1782 20002  
236 22294  
59 22688  
0 23051  

1204 22213  
771 22222  
511 22237  
348 22240  
76 22302  
0 22727  

1305 18844  
973 19172  
0 21028  

1302 15170  
1074 15505  
1038 15791  
663 22049  
0 22588  

1531 18432  
1499 20700  
0 22161  

1019 14087  
865 14222  
671 14320  
604 14725  
532 15157  
0 20030  

895 18323  
835 18370  
775 18417  
744 18847  
684 18894  
91 20343  
0 20820  

1198 19953  
837 20166  
375 20390  
300 20560  
126 20573  
0 20776  

782 17538  
423 17777  
91 18095  
59 18160  
0 18490  

1644 19807  
1122 19901  
1075 20317  
988 20377  
0 21057  

601 21780  
228 21819  
0 22366  

4385 18773  
2330 19888  
1405 19916  
1314 20317  
1140 20912  
652 21862  
387 22161  
0 22565  

841 17276  
781 17416  
690 17799  
667 18064  
621 18259  
91 21652  
0 22267  

802 26099  
435 26338  
348 26388  
261 26438  
0 26536  
