
1571 15418  
1511 15535  
1239 15697  
1179 15814  
1151 16074  
1123 16085  
1095 16387  
1032 16562  
836 20603  
0 20968  

5452 17291  
4792 17381  
4032 17567  
1944 19723  
0 24173  

989 22753  
641 22765  
380 22883  
0 23477  

348 19903  
87 20173  
0 20355  

423 22387  
364 22515  
0 22705  

1983 19618  
1694 20107  
1216 20332  
0 21163  

5033 22007  
1081 22844  
0 25019  

510 21607  
423 21654  
364 21752  
178 22018  
91 22065  
59 22130  
0 22440  

120 20874  
0 21049  

496 17317  
235 17411  
144 17786  
54 18251  
0 26176  

0 22016  

2448 19095  
1715 19142  
889 19814  
813 19861  
696 20950  
0 20984  

3917 18221  
3740 18528  
3681 19074  
323 19468  
146 19775  
59 20073  
0 20619  

1090 24157  
1003 24204  
91 24250  
59 24315  
0 24609  

5165 20173  
5133 20238  
5074 20432  
91 21416  
59 21481  
0 21675  

1099 22017  
826 22029  
652 22035  
577 22064  
304 22076  
0 22412  

91 21444  
0 21955  

9290 18115  
9140 18515  
8867 19022  
182 20998  
91 21785  
0 22262  

2106 13404  
2046 14214  
1459 14325  
1079 14403  
988 15405  
0 22277  

2617 18339  
2197 18348  
1849 18360  
1782 18553  
87 21547  
0 21607
