
5019 16172  
4323 16285  
3803 16884  
3436 18429  
2734 18691  
2200 20788  
777 23031  
91 23052  
0 23839  

1898 18259  
1463 18452  
1372 18902  
674 22694  
0 23840  

3550 14185  
3211 14412  
3188 14628  
2233 14864  
1814 15736  
1680 18428  
1368 21158  
91 25248  
0 25586  

2372 12641  
2093 13714  
2016 13747  
1925 13803  
1364 15266  
1335 16849  
1182 16869  
1056 18543  
0 21287  

6013 10109  
5248 10157  
5231 10528  
4906 10646  
4456 11002  
4038 12878  
2817 13132  
2758 14788  
2160 16879  
966 20118  
0 23100  

2109 12323  
1886 12473  
1587 12492  
1039 12635  
719 12945  
628 13309  
445 21394  
354 21828  
0 21887  

2595 17599  
2367 17692  
2181 17899  
1649 19672  
1603 19850  
1292 20173  
445 21033  
354 21388  
295 21402  
59 22661  
0 23061  

1863 15412  
0 22840  
3
1202 21053  
881 21123  
0 21334  

410 19562  
334 19639  
319 19643  
243 19720  
152 20477  
0 24066  

3965 15560  
3878 15735  
3769 17075  
3582 17214  
3322 17574  
2490 17781  
2187 17921  
2104 19695  
1365 22611  
0 23934  

5364 15272  
5305 15903  
4356 16136  
3771 16633  
3316 17102  
3256 18151  
2582 20401  
0 24645  

1719 16986  
1545 17621  
1458 18316  
1001 22312  
241 22595  
182 22877  
0 22928  

12856 15699  
4143 15714  
2222 15936  
2131 16396  
2055 16577  
1320 19930  
1071 20163  
988 20314  
901 20407  
810 21256  
0 24741  

2368 12551  
2343 12735  
2287 12863  
2191 13198  
2132 13779  
2051 14049  
1301 21803  
91 22267  
0 22818  

3354 14377  
3328 14675  
3269 15316  
2261 15942  
2020 16762  
1838 17421  
1427 19470  
1336 19846  
241 21204  
0 21639  

7017 15386  
6459 15398  
3920 15608  
3804 15895  
3718 17397  
3230 17403  
2658 17497  
2476 19081  
2324 19413  
182 24438  
0 24576  

3314 14978  
2968 15762  
2473 16074  
2062 19795  
1944 21392  
118 25392  
0 26960  

2601 12494  
2320 12630  
1775 13062  
1739 13188  
1612 13282  
1540 13714  
1494 16452  
1422 19137  
0 21411  

2864 18300  
2628 18470  
380 19831  
118 24812  
0 25855  
