
1496 13004  
960 14838  
896 15217  
810 15441  
736 15688  
468 17705  
324 20350  
91 24821  
0 24889  

3714 18258  
2564 18273  
2334 18276  
1939 18625  
1863 19036  
87 21095  
0 21139  

4374 19895  
561 20973  
435 20987  
0 21002  

127 19835  
0 20239  

1354 23127  
435 23473  
348 23500  
0 23587  

775 20579  
743 20644  
684 20938  
91 24036  
59 24101  
0 24395  

8243 21105  
826 21445  
391 21615  
304 21649  
0 21835  

0 22681  

955 21802  
768 21881  
727 21952  
668 22080  
532 22120  
304 22270  
0 22594  

203 14146  
144 14325  
90 14977  
59 24030  
0 24224  

265 23712  
178 23739  
146 23804  
91 23840  
59 23905  
0 24430  

526 26371  
435 26465  
91 26485  
0 26579  

2880 19191  
2821 19435  
0 21839  

828 18326  
0 19952  

936 23500  
0 23698  

667 14194  
607 14241  
575 14306  
516 14852  
348 18222  
60 18269  
0 20333  

1127 18340  
675 18578  
616 18706  
252 18902  
0 22161  

2215 15530  
1954 15534  
1922 15599  
1863 16041  
91 23974  
0 24343  

8076 17875  
8071 18033  
8017 18196  
7921 18433  
6128 18467  
273 20174  
118 20732  
91 20886  
59 20955  
0 21417  

510 20817  
178 21201  
91 21414  
0 21954  
