0 14697 15330 11000101101100101011111101110100000111110011100001100100011101110000110101111110001011100111111111011011101111111101001111100000011110110101001000110111000110110111111000011011000111000101001011011100101010011001011000010111111001000111011100101110110111110111001101100001101111000000101010101111010100011000101000000101000100101101011111110111101110100100011101011010000000101101101101101111001001011101001100111010001010101010110010111100011100001100001100000001000111010111111010111011111110000100
1 14008 14944 00000011000110101000111111101011000111010011010011000010010110101110101001110011100011010110001000000001110100110101011100010111011001001101111101110001010101001111101011001101010101000001000100110101100010100110101111110111000111111111101001000101011110011100010011110111111101110000110001101100001110000101011100111101011100010100011101011110100100010011010111000111101000101111111001110010111001011101110011011011101000001011111010000011000000010101110111101010111100011111101011110100110001011101
2 14136 14588 00010000001110110011100110111111000101110111101100111100001101101010111000010111001100010000111111010100000101101000101000000011101011100100110001101100110110110110011101111000100010111100101011101010100101111101110111110111100011000000110111001100111111110101110110110011000100010110111111100110010001100100100001001100111010110011100100001001001101011101010110111001000000010110010111011000001000011011101110101011010101111110001010100110011100010110001101101001101010110011001110101111110111011111
3 13864 14498 01010111011101010001001000110010010100010101110101001110101010011000101100000110001011111011110001100111101111001011100101011100000110010010111000110001001101000101101010100010011011110010001101000101000001011111111001111101111010010011010110011100011011001100011010000011001001011110111010111001001110111011000100010001011001110101111110100001001011101100101111110010101001100011011000011111100010100010111010101101011010101000011001110000110011001000010101001111001111101010100001110110111010001110
4 13158 14682 11101011010001011100010100010101011011110101101001001101011101010001111010001101110111010011110100110101100101110110010001110010100010011001101010000000101010101001010011111111101110110101010111000100101011101001100100100001110001011001100110001101111110111000010111101110001111010010000011110111000001000111110101010110010001010000010011001110101010000010010010001100110100101001111101000010110111100011101001001011111100010000000010100111101001100100001110111010011101111100010010001010101001110001
5 14189 14909 01001010011101111110110110011100110010001110011100010101111100111011001011000000110100110100100110100100011100111011001001100011000011100011011110101011011111011101000101011110001110111101011011011000110001110101101110110001100101000011010001111111101101001100010100001101101011011100011000011101110101111001100101000111000100100000110111110100101000101101001000111010101000110111011101010000010111011000110001101100101111101101100111101100101011000011101101000110011110000111001001101100100010001001
8 14023 14268 11110001000001100010010100100101111101001010001001010111011010101100000010011010101000100101101111100001111010001111011010111101101010101000101101010001101101000001001110010001101011001110100101111101110010111010011101011011100111010010011010101100011011001100011010000011001001011110111010111001001110111011000100010001011001110101111110100001001011101100001111000011010101010010100010011001101001010001111011110011000000100111010101100001000000110011010101111011100110111001100100111110101100001100
9 14279 14449 01010111011101110001001000110010010100010101110101001110101010011000101100000110001011111011110001100111101111001011100101011100000110010010111000110001001101000101100010100010011011110010001101000101000001011111111001111101111010010011010110011010111001011101100110001101011000010001101101010111110110011111001101010111100010011001000000000011000011011111111000001011111011101101110101111101100011001101101000111011111101010001100001011101101101000011011001001110010000001011000101001111110111100101
10 14077 14732 11100001010110100100111011100111101110100110110111000100100101010000011110100111101000010000010111101000110110001001111111001111010100110011000111100000010100101101101101111111001001000101110000000101110001011110101000111100101001110100100101110110101000110001111010110101000111100110010011010110000010101000011111110000110011110100001101100110010100110101110110010101000111001011101101011110101010111010110110001001101011111110110011111010001101100011101011100110100111110110100110110001110010111000
11 14132 14990 01000110100100110000011100101000010000101111100011101111110110100000001110111000110100001111001011111011101011110001011101011110110111010010111010011110011011101001010111100011100011010111000101000100011100010100110101011110011011101011001101111111001000100011000111111010011111101011000110011010010010001001100111101110010101110010001100110101001000000011010110010011011101110110000010010110110010101111101110110100011001001011011001110100111010011010000111110010011001001010101011011110000110110101
13 13364 14562 10111101010011110001110111010011011010011001010001101101100110111101100101101101110111010011110100110101100101110110010001110010100010011001101010000000101010101001010011111111001110110101010111000100101011101001100100100001110001011001100110001101111110111000010111101110001111010010000011110111000001000111110101010110010001010000010011001110101010000010010010001100110100101001111101000010110111100011101001001011111100010000000010100111101001100100001110111010011101111100010010001010101001110001
16 13473 14735 00001011100011110010011101000101110011001110010101000111101110111101001101010100100110101101110010011110111000110010101010110001100101111001011100111111110111101111111001011101000100111011100001011101100001000100011101110100100010011011000000100100011001100100001111101111000010001000000011000000100110100100110111011101111110000110110100101011101111011000001001010110111111101001000111010100011100000101010100101100110111110111010000101001000001010101001111110101100101111011100001011011101001111110
17 13765 14883 00110110000011110001110111010011011000000110101110101111000100011010001100111100110110110111100100111101100111111010000111111110111001000110110011101001111110111100100110011011110010010111100100110010011011001010110111110110000111000011110111011010000001110101001010000000001111011010011000101110011111110111000000011011010111010110000010010011000001110011111000111000000010101100101101100101001101000101000100111111111000110100111100110100000101010011110001101010011010111101111101111011010111111100
18 12856 14547 11101000110110100101000110110011010111000001001111000100001000000001100011001001011000000100001110011111001100111111100100011000010100000001010001000010101000111111101010100100100100011000001101001000010011111000110010011001110110100000101110101010111000011011001110110010000001001001001100111011010100110011111110100001111110001100101000001001011110111001111110110011100100011011000011111100101011001110101110011100111110110100000011010011011111011100011110100100110111011111110010100111100000011110
19 13885 14477 11101011010001011100010100010101011011110101101001001101011101010001111010001101100000111010110100000101011110100100010100011001100010101000110111001001001011000010000010100110101001011111010101111010000101010101001001001001110110101001101001110110011001011000101011100000001011001101111011110111111100010010000101110000011011001001001010011111001100000111111111100001011000011111010011101111101111111000100001000010010100011110100111111110000100111010110111010000011101011000101000010000001011101010
20 14226 14922 01000110100100100000011100101000010000101111100011101111110110100000001110111000110100001111001011111011101011110001011101011110110111010010111010011110011011101001010111101110111010100111100011110101111001000011100101111011100010110111001001011011111100000000111001111111011001010111011001101100001001111101011110010100111111110011011101010101101001001110110000001110010110111010100000101101110101001000110101100000000011010000011110010000010001011111100111010000001010110100111001111010110000101111
21 14027 15225 10011001000101111010000001101010010001101100110111100011101000110101011010101111100111001000100010101111101111000101011010010010000000100101001010110111000110110111011001011011000111000101001011011100101010100110101111110111000111111111101001000101011110011100010011110111111101110000110001101100001110000101011100111101011100010100011101011110100100010011010111000111101000101111111001110010111001011101110011011011101000001011111010000011000000010101110111101010111100011111101011110100110001011101
23 13883 15043 11000101101100101011111101110100000111110011100001100100011101110000110101111110001011100111111111011011101111111101001111100000011110110111000011011110100011000100101010101010010110001010100111010010010101001110111000110110100100111010001111111101110010110101100101001101000110010110111001100000001111101111000110111010000010110110000000100100011100101010011100010011111100101001100000110001110010101100101111101011101111101001001010000111100001010111100011111101000101000111110111110011111111010001
25 14140 14859 01001010011101111110110110011100110010001110011100010101111100111011001011000000110100110100100110100100011100111011001001100011000011100011011110101011011111011101000101011110001110111101011011011000110001110101101110110001100101000011010001111111101101001100010100001101101011011100011000011101010101111001100101000111000100100000110111110100101000101101001000111010101000110111011101010000010111011000110001101100101111101101100111101100101011000011101101000110011110000111001001101100100010001001
26 14447 14158 00001100000110011010101011111000000000010000101010101010011011000101010100111011111101110110100101000100111101011001000110111111011101101111001110110100011110000011010100100001010111101110101010111111100011010110000110010111111110111001100110000010010110001001110110011110111010000011000001100010111000111001101010000011101010101100010010101110111010111000110110110011000111011011110001111100011011000100111001111011110101110100001100111101011101100010110000111001001011011111110111000001011101010011
27 13627 14480 10110111010100011001111011110110101001100001100001000100111100101001100000110001100010000011001010010011010101001001100101110100100100101000100111011000000110000001010010011101010011101100001100000010111111010000111101101100100110101111100001000011001100010110110100010111001010111111111001011100100010110100011100101100001010011000010111110111101111000000011111011100000111011101110011010111111010110100111110001110111110110101111110001110101000010010101101110110111100111101011010001101001100100110
28 14159 14642 10111101010011110001110111010011011010011001000001101101100110111101100101100101001000101110001110111010000010001111110111111101101110010000101000000011010001001111011001010011101101010111001011010100111011101110001111001011110001010001010101010100001000101001111011001010011011100001001001001000001110110000010000111011010110011111000111111111010110100100001001100010111001010110111101111101000100101110011111000111011001011000111001011010110010101100011000110111011110110011011000011010111100100010
30 14097 14496 11001010011000110101101011101101011100001101000011011010111100011101110111111101100000111010110100000101011110100100010100011001100010101000110111001001001011000010000010100110101001011111010101111010000100010101001001001001110110101001101001110110011001011000101011100000001011001101111011110111111100010010000101110000011011001001001010011111001100000111111111100001011000011111010011101111101111111000100001000010010100011110100111111110000100111010110111010000011101011000101000010000001011101010
31 14518 15009 11000101101100101011111101110100000111110011100001100100011101110000110101111110001011100111111111011011101111111101001111100000011110110101001000001010100001001011100100100110101001011111010101111010000100010101001001001001110110101001101001110110011001011000101011100010001011001101111011110111111100010010000101110000011011001001001010011111001100000111111111100001011000011111010011101111101111111000100001000010010100011110100111111110000100111010110111010000011101011000101000010000001011101010
32 13772 14499 00110001101111100001011010000111110010111101010100001111001011101111000010100111000001001001100001011011100001110000101101000010111101010110110110011100111110010101110100110011111001111011110011101011011111110001010100001000010110101111000110010110110000100000010100101110000011101110001101110000001001101111100001010101100101011010110110101110101000110110110000101100011101101100111111001111101000111100000111011111111011100111100111110010011110010011011100101101101110110100111011100111000100011110
34 14297 15311 11110001111111000000011010011111101110100100010110100110111110101000101110100111000111011111000110001000000011000000111110011011110000100110011000110111000110110111011001011011000111000101001011011100101010100110101111110111000111111111101001000101011110011100010011110111111101110100110001101100001110000101011100111101011100010100011101011110100100010011010111000111101000101111111001110010111001011101110011011011101000001011111010000011000000010101110111101010111100011111101011110100110001011101
35 13938 14134 00001111001111101110101110000011110011101111110011001001000101001001001010110011100100100101101010110000101101101110101101111011011101011010100101110010100111001101000000010111101110001010001111101110010101011110001111011010111110111100010000100001111011110001001011000111100000100101000101101001011110010011111100010111001110010001100010101111000111010011100101110011010111110101111010100001100100111101010011010110001110000100110100010101100000001000000001110110000000010111101000110101110110001001
38 14144 14500 10001000001000001101010000001111011110000101100101000110011111010010100011110010101000100110000111100001001011111111011011110111110111110001110110010001111000101011101110110001110111111110010011101100101100011110110001000010001001000010100000111100110001000101111100011100111100101000000111001001101011010011101111110011100101011001111000011000110011011000010100101000111011011011011101001001011000011010110100011111011111001100101111101101001110111001010100000011000100101001111101100101101011011011
39 14010 14265 11011001111011100100110011001000001110111110111100000000100011111111100110001000000010001110011000001110101001000111010110111101000111011110100101101110100111001011010010001101111011110000100111001110001111100110011011000000010100010100001110101011001001010111110111011111010001101100101101111010110101111111001010011001000100101100110111000000011000100011000000100110010101110010010110100111001100110101110101010100001011011100001100010110101110011000110111101111101100110110010100011101001010001111
40 13769 14635 11011111111100101111100010111100010110111100101011010001111000011101100111101111000010000101110101011111001001101110001111011101011100011011000000010000111000000000111000001101010011110100000011000010101001001011110100001110011101110000001000101100001100000010110100100011101100101011101101110010011001101111011101111100000101011001111011000010001010001110111001011001101111010000100010000010011011110110011101110010001110110110111100010010100011100011101111100001101000101110100011000110101110111001
41 14321 14109 00000011000110101000111111101011000111010011010011010010010110101110101001110011100011010110001000000001110100110101011100010111011001001101111101110001010101001111101011001101110100101111000111101011110100011111101101100111110011110010110100100001000001000010110011110001000111011000000111011011110001001100001010110110011011111011111010110100111001010110110011101110110001000001110010100101100010101010110010100011001110000110101010101101010001111101000101110101110110010010111110011001001010011001
42 14241 14383 11100010101100011101000000011100110100111111011111010101111011101011011110110011001110101000100000000100101010100100010111011111000011010010110010010001100100100000111000010011010101000001000100110101100010011001011000010111111001000111011100101110110111110110001101100001101111000000101010101111010100011000101000000101000100101101011111110111101110100101010110111001000000010110010111011000001000011011101110101011010101111110001010100110011110010110001101101001101010110011001110101111110111011111
44 13921 15146 11011111111100101111100010111100010110111100101011010001111000011101100111101111000010000101110101011111001001101110001111011101011100011011000000010000111000000101110100110011111001111011110011101011011111110001010100001000010110101111000110010110110100100000010100101110000011101110001101110000001001101111100001010101100101011010110110101110101000110110110000101100011101101100111111001111101000111100000111011111111011100111100111110010011110010011011100101101101110110100111011100111000100011110
47 14136 14328 10111101010011110001110111010011011010011001010001101101100110111101100101101101100000111010110100000101011110100100010100011001100010101000110111001001001011000010000010100110101001011111010101111010000100010101001001001001110110101001101001110110011001011000101011100000001011001101111011110111111100010010000101110000011011001001001010011111001100000111111111100001011000011111010011101111101111111000100001000010010100011110100111111110000100111010110111010000011101011000101000010000001011101010
48 13732 14646 11011111111100101111100010111100010110111100101011010001111000011101100111101111000010000101110101011111001001101110001111011101011100011011000000010000111000000000111000001101010011110100000011000010101001001011110100001110011101110011110111011010000001110101001010000000001111011010011000101110011111110111000000011011010111010110000010010011000001110011111000111000000010101100101101100101001101000101000100111111111000100100111100110100000101010011110001101010011010111101111101111011010111111100
50 13656 14740 00110110000011110001110111010011011000000110101110101111000100011010001100111100110110110111100100111101100111111010000111111110111001000110110011101001111110111100100110011011110010010111100100110010011011001010110111110110000111000000001000101100001100000010110100100011101000101011101101110010011001101111011101111100000101011001111011000010001010001110111001011001101111010000100010000010011011110110011101110010001110110110111100010010100011100011101111100001101000101110100011000110101110111001
52 14378 14700 10011100101010000000101111010010100010111111101010101010011001111111000010110101111011111101010111010010010100001001011101011000000111101011000010010111100010101111111011000001111001111000110010001101111110111111011010101110011111001001010100111000111011110010000100000101110100111101000111111111000000110001101100000010001101111110011100111101111001000011110100110110011100100100010110011110100101100101011010001111100111100010111000010111101001101010111010110001100010101111011011100010101111101101
54 13805 14506 11110110100001111011011010011101000111010010000100110010011010101110100111010111100110111101011111101100111000110011011001100000110111110011010110111000110000100110101100011111001101100011101100010111001010110011001110001101101000100100100011110100100111011111010101101000000110111100111010011100000011110100011110101111000011000101100111011111000001100000110001101001101100000011001100101110100010100001000111101010101000011100011101010011101111001011001011011100011111011001111110000000101000001001
56 14263 15351 01001011101000101101000110111000100101100000101111000111111111111000110101000111101111110011101111101000010010100110101110101000001101011010110011000001111000101110100111111000101101110001111111010101001011101000110000100111110101111010011111011100110111101000111001101000000000010010011111101111110010101101011111100011110010001001111010011101001001000111010000110101101110000111001100100100000010010100011011011111000001101001000101000011111000011011111100001101011110111010111101101011100010100101
58 13892 15160 01101111110111011111011110001111011000000010001110100011100010100101011011001101010001011101100011100000010110111101111101000000110001000001011110101010001110110110011101101000100100111100110011101011010111011100101111110100110110101111100010110000100000011011101001111101110001111110101110001101111010010010011001001011111011001111010000001010110111001010011010111111010011010110111000100101110111001101010101001101001000111101111100011110010001000000000000110101111100111011100101001011011101101011
59 13742 14658 11011111111100101111100010111100010110111100101011010001111000011101100111101111000010000101110101011111001001101110001111011101011100011011000000010000111000000000111000001101010011110011101100010111001000110011001110001101101000100100100011110100100111011111010101101000000110111100111010011100000011110100011110101111000011000101100111011111000001100000110001101001101100000011001100101110100010100001000111101010101000011100011101010011101111001011001011011100011110011000000111111110000000100111
60 14901 15193 11000101101100101011111101110100000111110011100001100100011101110000110101111110001011100111111111011011101111111101001111100000011110110101001000110111000110110111011000011011000111000101001011011100101010011001011000010111111001000111011100101110110111110111001101100001101111000000101010101111010100011000101000000101000100101101011111110111101110100101010110111001000000010110010111011000001000011011101110101011010101111110001010100110011110010110001101101001101010110011001110101111110111011111
62 14357 14721 11110001000001100010010100100101111101001010001001010111011010101100000010011010101000100101101111100001111010001111011010011101101010101000101101010001101101000001001110010001101011001110100101111101110010111010011101011011100111010010011010101010111001011101100110001101011000010001101101010111110110011111001101010111100010011001000000000011000011011111111000001011111011101101110101111101100011001101101000111011111101010001100001011101101101000011011001001110010000001011000101001111110111100101
63 14350 14893 01110010111110010111110001001111110100010110001010110000001101011111010010010100001100001111101010111000101100110100101001011101001101010011000001100010110110010011011010111001110111010010110001001100000110111111011100010000000111110011001000111111111111111011000010011111111000010111111000001000100011011101001001101111011001110110111011010011011101010110101101111100111010001010110111000110111010001001111110101100100100010111101100011100101101001111111111011000100000111011011001001100010001010010
65 14136 14415 10001000001000001101010000001111011110000101100101000110011111010010100011110010101000100110000111100001001011111111011011110111110111110001110110010001111000101011101110110001110111111110010011101100101100011110110001000010001001000010100000111100110001000101111100011100111100101000000111001001101011010011101111110011100101011001111000011000110011011000010100101000111011011011011101001001011000011010111100000100101101010010100101100111001001111011101000101110100000101010101111001111000001010110
69 13951 14634 11110001111111000000011010011111101110100100010110100110111110101000101110100111000111011111000110001000000011000000111110011011110000100110111000001010100001001011100100011000000011101110111100110010010001001011001001011011000101101000100110111011001100010101100000001101010100001110101011101110001001101010100010111000101110101011001111111001111011111001100001110101000110101011101111101110000010101011110111010111101110011001111101010011001000111110000100100010100101101111001101001000100101011110
70 13811 14470 11110110100001111011001010011101000111010010000100110010011010101110100111010111100110111101011111101100111000110011011001100000110111110011010110111000110000100110101100011111001101100011101100010111001010110011001110001101101000100100100011110100100111011111010101101000000110111100111010011100000011110100011110101111000011000101100111011111000001100000110001101001101100000011001100101110100010100001000111101010101000011100011101010011101111001011001011011100011111011001111110000000101000001001
71 14366 14692 10011100101010000000101111010010100011111111101010101010011001111111000010110101111011111101010111010010010100001001011101011000000111101011000010010111100010101111111011000001111001111000110010001101111110111111011010101110011111001001010100111000111011110010000100000101110100111101000111111111000000110001101100000010001101111110011100111101111001000011110100110110011100100100010110011110100101100101011010001111100111100010111000010111101001101010111010110001100010101111011011100010101111101101
73 14143 14702 11101110010011111110110101000110000111001011110110110010011001111111000010110101111011111101010111010010010100001001011101011000000111101011000010010111100010101111111011000001111001111000110010001101111110111111011010101110011111001001010100111000111011110010000100000101110100111101000111111111000000110001101100000011100011001111100110101001001000011001001101101111111110010100000110011011101011010001010110010000010111110100001100101101000101110111100100111101110110000111001000011101100111011000
74 13448 14662 10111101010011110001110111010011011010011001010001101101100110111101100101101101100000111010110100000101011111110110010001110010100010011001101010000000101010101001010011111111101110110101010111000100101011101001100100100001110001011001100110001101111110111000010111101110001111010010000011110111000001000111111101010110010001010000010011001110101010000010010010001100110100101001111101000010110111100011101001001011111100010000000010100111101001100100001110111010011101111100010010001010101001110001
76 13956 14487 11101011010001011100010100010101011011110101101001001101011101010001111010001101110111010011110100110101100100100100010100011001100010101000110111001001001011000010000010100110101001011111010101111010000100010101001001001001110110101001101001110110011001011000101111100000001011001101111011110111111100010010000101110000011011001001001010011111001100000111111111100001011000011111010011101111101111111000100001000010010100011110100111111110000100111010110111010000011101011000101000010000001011101010
82 13964 15038 11101110010011011110110101000110000111001011110110110010010001110000110110011111110010011000011110101101101100101000001011011000101111011010000000000011001110000110001001011010001010000001000111110100000001110001001111100111011101011000110011101100110101011001101101001001001111011001011001011100100010110100011100101100001010011000010111110111101111000000011111011100000111011101110011010111111010110100111110001110111110110101111110001110101000010010101101110110111100111101011010001101001100100110
83 13881 14374 10110111010100011001111011110110101001100001100001000100111100101001100000110001100010000011001010010011010101001101100101110100100100101000100111011000000110000001010010011101010011101100001100000010111111010000111101101100100110101111100001000011001100010110110100010111001010111111110111111100010001100100101011110010001101111110011100111101111001000011110100110110011100100100010110011110100101100101011010001111100111100010111000010111101001101010111010110001100010101111011011100010101111101101
84 13936 14491 00010000001110110011100110111111000101110111101100111100001101101010111000010111001100010000111111010100000101101000101000000011101011100100110001101100110110110110011101111000100010111100101011101010100101111101110111110111100011000000110111001100111111110101110110010011000100010110111111100110010001100100100001001100111010110011100100001001001101011100011101011010000000101101101101101111001001011110010110011101111111110010000010010111110011011000011001100111011010100011100101100100011011011110
85 14408 14130 00001100000110011010101011111000000000010000101010101010011011000101010100111011111101110110100101000100111101011001000110111111011101101111001110110100011110000011010100100001010111101110101010111111100011010110000110010111111110111001100110000010010110001001110110011110111010000011000001100010111000111001101010000011101010101100010010101110111010111000110110110011000111011011110001111100011011000100111001111011110101110100001100111101011101100010110000111001001011011111110111000001011001010011
86 14460 14079 00001100000110011010101011111000000000010000101010101010011011000101010100111011111101110110100101000100111101011001000110111111011101101111001110110100011110000011010100100001010111101110101010111111100011010110000110010111111110111001100110000010010110001000110110011110111010000011000001100010111000111001101010000011101010101100010010101110111010111000110110110011000111011011110001111100011011000100111001111011110101110100001100111101011101100010110000111001001011011111110111000001011101010011
88 14125 14818 11001010011000110101101011101101011100001101000011011010111100011100110111110101001000101110001110111010000010001111110111111101101110010000101000000011010001001111011001010011101101010111001011010100111011101110001111001011110001010001010101010100001000101001111011001010011011100001001001001000001110110000010000111011010110011111000111111111010110100100001001100010111001010110111101111101000100101110011111000111011001011000111001011010110010101100011000110111011110110011011000011010111100100010
89 14026 14265 01111101000000101100001100111110111001000011111010000011011010000110111101010000100001111110011010100001101011001100101011111000111011110001110100111101011101011110110111110111001011101101101001101110110111100000100111001000010110000101011111110001110101011000111100111001001010011000111001111111101100110010011000001011011100110011000110000110111001100010100011100001000111101111011000111010010010001010111101010100010110001101010100001110011100011001011000011001010001010001000011110101100111100101
90 14072 14137 01010100111001010100011111110011110111000111000010100011111010010101100101100110000011111000100110001101010111110111111001110110011111001110000101111001011010010101111100011001011101000101011001110001100010010101111110111011011110011010101010100101101011000010010101000100001011000110100001111111110110011100001101100001000100110111011000010011011010111011000000011110101011010011011010111001001000001010111011100001101001000111001111010110101111100010011100001000001101110111100110101010101111110111
91 14419 14938 01100001100110101100011011000100011001100011011100000010111001100001101110111110111000011101010110011110000111111111101011001001100010111011111100111001001101010100001101000101010001101100010110111111000110001001110111100111001110100110011101101010111110110010110100111000000000110011111001010111100111001110100011101101010001100000101010111110011101111010110011100010000010001000011111110011110111001001011111011100011111110111110110011010101000111101010010001011111010011001110011010100110001111011
92 13926 14622 11110001111111000000011010011111101110100100010110100110111110101000101110100111000111011111000110001000000011000000111110011011110000100110111000001010101001001011100100011000000011101110111100110010010001001011001001011011000101101000100110111011001100010101100000001101010100001110101011101110001001101010100010111000101110101011001111101001111011111001100001110101000110101011101111101110000010101011110111010111101110011001111101010011001000111110000100100010100101101111001101001000100101011110
94 14218 14201 11100010101100011101000000011100110100111111011111010101111011101011011110110011001110101000100000000100101010100100010111011111000011010010110010010001100100100000111000010011110100101111000111101011110100010111101101100111110011110010110100100001000001010010110011110001000111011000000111011011110001001100001010110110011011111011111010110100111001010110110011101110110001000001110010100101100010101010110010100011001110000110101010101101010001111101000101110101110110010010111110011001001010011001
96 14192 14019 01110010011101011000010111110000100010011000111010100011101100000110101100001011001111100010001110110101111110011010100100011011110101100011101000000101011110100100110101111100010001010110001001011111101111100001011010111011100101010000000111010001010110111101010011011000010000000101111011111000110101001011110101101010010110010000001110100110111010010101101011100011110111000100011100101001001011000001001100111101010100001100001101010001011001101001111000011101110111010111110100011010001110101001
97 13765 14416 11101110010011011110110101000110000111001011110110110010010001110100110110011111110010011000011110101101101100101000001011011000101111011010000000000011001110000110001001011010001010000001000111110100000001110001001111100111011101011000110010101100110101011001101101001001001111011001010111111100010001100100101011110011100011001111100110101001001000011001001101101111111110010100000110011011101011010000010110010000010111110100001100101101000101110111100100111101110110000111001000011101100111011000
98 13891 14734 11101110010011011110110101000110000111001011110110110010010001110000110110011111110010011000011110101101101100101000001011011000101111011010000000000011001110000110001001011010001010000001000111110100000001110001001111000111011101011000110010101100110101011001101101001001001111011001010111111100010001100100101011110010001101111110011100111101111001000010010010001100110100101001111101000010110111100011101001001011111100010000000010100111101001100100001110111010011101111100010010001010101001110001
99 13462 14775 11101011010001111100010100010101011011110101101001001101011101010001111010001101110111010011110100110101100101110110010001110010100010011001101010000000101010101001010011111111101110110101010111000100101011101001100100100001110001011001100110001101111110111000010111101110001111010010000011110111000001000111110101010110010001010000010011001110101010000011110100110110011100100100010110011110100101100101011010001111100111100010111000010111101001101010111010110001100010101111011011100010101111101101
100 14332 13484 01111101000000101100001100111110111001000011111010000011011010000110111101010000100001111110011010100001101011001100101011111000111011110001110100111101011100011110110111110111010010010011111101000000001001100110011100010011011101100100011110000001111110100110010100110110011001010110111100101101000110010100100000011101000100100000101110001101110011011010111111111101010101111000100100101011010001010000000100001100100001010011110101001000100000010001001111101001110100011001101010011110000101100000
101 14400 15873 11000101101100101011111101110100000111110011100001100100011101110000110101111110001011100111111111011011101111111101001111100000011110110101001000110111000110110111011001011011000111000101001011011100101010100110101111110111000111111111101001000101011110011100010011110111111101110000110001101100001110000101011100111101011100010100011101011110100100010011010111000111101000101111111001110010111101011101110011011011101000001011111010000011000000010101110111101010111100011111101011110100110001011101
103 14055 14827 11011111111100101111100010111100010110110111111001001100101011010001011011001111100001110101110111100001010111100010110000111010100011111010001011000110111010110000011100001110001100101101101001001001101110100111011000111001000111001011111111110010110000001110011101010001101010000110110101001001110111111010101010010011010010001000000011110010111001110110111100010010001010110010010001101110111000001011000100101011110101101111001100110001000100100101101111011010000110111010110100000010111101010001
104 14888 15062 10011111000101100110011001101001000110111100100110001010111111001101000001111001010011011111100010100000010101100000110111001101101000100100000101100101111000010011010101010100011111000010101101111111111101011100111101111111100001011110111010100010011111001111101101111000101100101011101101110010011001101111011101111100000101011001111011000010001010001110111001011001101111010000100010000010011011110110011101110010001110110110111100010010100011100011101111100001101000101110100011000110101110111001
105 14067 14496 11001010011000110101101011101101011100001101000011011010111100011100110111110101001000010000010111101000110110001000111111001111010100110011000111100000010100101101101101111111001001000101110000000101110001011110101000111100101001110100100101110110101000110001111010110101000111100110010011010110000010101000011111110000110011110100001101100110010100110101110110010101000111001011101101011110101010111010110110001001101011111110110011111010001101100011101011100110100111110110100110110001110010111000
107 13932 13935 01010111011101010001001000110010010100010101110101001110101010011000101100000110001011111011110001100111101111001011100101011100000110010010111000110001001101000101100010100010011011110010001101000101000001011111111001111101111010010011010110011100011011001100011010000011001001011110111010111001001110111011000100010001011001110101111110100001001011101100001111000011010101010010100010011001101001010001111011110011000000100111010101100001000000110011010101111011100110111001100100111110101100001100
108 14161 15084 11100001010110100100111011100111101110100110110111000100100101010000011110100111101000101110001110111010000010001111110111111101101110010000101000000011010001001111011001010011101101010111001011010100111011101110001111001011110001010001010101010100001000101001111011001010011011100001001001001000101110110000010000111011010110011111000111111111010110100100001001100010111001010110111101111101000100101110011111000111011001011000111001011010110010101100011000110111011110110011011000011010111100100010
109 13409 14483 10011001000101111010000001101010010001101100110111100011101000110101011010101111100111001000100010101111101111000101011010010010000000100111000011011110100011000100101010101010010110001010100111010010010101001110101000110110100100110011100101100001110010100001101110100110111001111100111011001101011111101111101001111000001011101110111000000100100011101001111111100000010101000100010000000011100110000101101100101111011110001011111111000010010111111100010000110011001011010111011000011110000011010111
110 14192 15330 00000011000110101000111111101011000111010011010011000010010110101110101001110011100011010110001000000001110100110101011100010111011001001101111101110001010101001111101011001101010101000001000100111101100010100110101111110111000111111111101001000101011110011100010011110111111101110000110001101100001110000101011100111101011100010100011101011110100100010011010111000111101000101111111001110010111001011101110011011011111001001011011001110100111010011010000111110010011001001010101011011110000110110101
112 13894 13571 11100010101100011101000000011100110100111111011111010101111011101011011110110011001110101000100000000100101010100100010111011111000011010010110010010001100100100000111000010011110100101111000110101011110100010111101101100111110011110010110100100001000001010010110011110001000111011000000111011011110001001100001010111101000100100000101110001101110011011010111111111101010101111000100100101011010001010000100100001100100001010011110101001000100000010001001111101001110100011001101010011110000101100000
113 13614 14444 11110110100001111011001010011101000111010010000100110010011010101110100111010111100110111101011111101100111000110011011001100000110111110011010110111000110000100110101100011111001101100011101100010111001010110011001110001101101000100100100011110100100111011111010101101000000110111100111010011100000011110100011110101111000011000101100111011111000001100000110001101001101100000011001100101110100010100001000111101010101000011100011101010011101111001011001011011100011110011000000111111110000000100111
115 14096 14513 00110101111000101001111011011010001110011010101111001000111000001000111010101001101000001000110001110000111111010011001000001110100101001011110011100011011010100101000011111111101110000001110110101100111000101110000001001000011011001100000110001100110000111111111010111111011110101111110101011000010101001101011101100111100100001000111111011000100010010011110110011100100011111001001110001000101100011000111011000101110000111101000011010011011111011100011110100100110111011111110000100111100000011110
117 14504 14287 01111101000000101100001100111110111001000011111010000011011010000110111101010100100001111110011010100001101011001100101011111000111011110001110100111101011100011110110111110111010010010011111101000000001001100110011100010011011101100100011110000001111110100110010100110110011001010110111100101101001110010100100000010110011011111011111010110100111001010110110011101110110001000001110010100101100010101010110010100011000100010111101100011100101101001111111111011000100000111011011001001100010001010010
119 14359 13576 01111101000000101100001100111110111001000011111010000011011010000110111101010000100001111110011010100001101011001100101011111000111011110001110100111101011100011110110111110111010010010011111101000000001001100110011100010011011101100100011110000001111110100110010100110110011001010110111100101101001110010100100000011101000100100000101110001101110011011010111111111101010101111000100100101011010001010000000100001100100001010011110101001000100000010001001111101001110100011001101010011110000101100000
120 14246 14873 11101110010011011110110101000110000111001011110110110010010001110000110110011111110010011000011110101101101100101000001011011000101111011010000000000011001110000110001001011010001010000001000111110100000001110001001111100111011101011000110010101100110101011001101101001001001111011001010111111100010001100100101011110010001101111110011100111101111001000011110100110110011100100100010110011110100101100101011010001111100111100010111000010111101001101010111010110001100010101111011011100010101111101101
123 14153 14319 10111101010011110001110111010011011010011001010001101101100110111101100101101101100000111010110100000101011110100100010100011001100010101000110111001001001011000010000010100110101001011111010101111010000100010101001001001001110110101001101001110110011001011000101011100000001011001101111011110111111100010010000101110000011011001001001010011111001100000111111111100001011000011111010011101111101111111000100001000010010100011110100111111110100100111010110111010000011101011000101000010000000010001101
124 13803 14502 11110110100001111011001010011101000111010010000100110010011010101110100111010111100110111101011111101100111000110011011001100000110111110011010110111000110000100110101100011111001101100011101100010111001010110011001110001101101000100100100011110100100111011111010101101000000110111100111010011100000011110100011110101111000011000101100111011111000001100000110001101101101100000011001100101110100010100001000111101010101000011100011101010011101111001011001011011100011111011001111110000000101000001001
125 14234 14215 11100010101100011101000000011100110100111111011111010101111011101011011110110011001110101000100000000100101010100100010111011111000011010010110010010001100100100000111000010011110100101111000111101011110100010111101101100111110011110010110100100001000001010010110011110001000111011000000111011011110001001100001010110110011011111011111010110100111001010110110011101110110001000001110010100101100010101010110010100011001110000110101010101101010001111101000101110101111110010010111110011001001010011001
127 14151 13966 01110010011101011000010111110000100010011000111010100011101100000110101100001011001111100010001110110101111110011010100100011011110101100011101000000101011110100100110101111100010001010110000001011111101111100001011010111011100101010000000111010001010110111101010011011000010000000101111011111000110101001011110101101010010110010000001110100110111010010101101011100011110111000100011100101001001011000001001100111101010100001100001101010001011001101001111000011101110111010111110100011010001110101001
128 13860 14656 10111101010011110001110111010011011010011001010001101101100110111101100101101101100000111010110100000101011110100100010100011001100010101000110111001001001011000010000010011000000011101110111100110010010001001011001001011011000101101000100110111011001100010101100000001101010100001110101011101110001001101010100010111000101110101011001111011001111011111001100001110101000110101011101111101110000010101011110111010111101110011001111101010011001000111110000100100010100101101111001101001000100101011110
129 14114 14281 11110001111111000000011010011111101110100100010110100110111110101000101110100111000111011111000110001000000011000000111110011011110000100110011000001010100001001011100100100110101001011111010101111010000100010101001001001001110110101001101001110110011001011000101011100000001011001101111011110111111100010010000101110000011011001001001010011111001100000111111111100001011000011111010011101111101111111000100001000010010100011110100111111110000100111010110111010000011101011000101000010000001011101010
130 13910 14574 11110001111111000000011010011111101110100100010110100110111110101000101110100111000111011111000110001000000011000000111110011011110000100110111000001010100001001011100100011000000011101110111100110010010001001011001001011011000101101000100110111011001100010101100000001101010100001110101011101110001001101010100010111000101110101011001111101001111011111001100001110101000110101011101111101110000010101011110111010111101110011001111101010011001000111110000100100010100101101111001101001000100101011110
131 14187 14263 11100010101100011101000000011100110100111111011111010101111011101011011110110011001110101000100000000100101010100100010111011111000011010010110010010001100100100000111000010011110100101111000111101011110100011111101101100111110011110010110100100001000001010010110011110001000111011000000111011011110001001100001010110110011011111011111010110100111001010110110011101110110001000001110010100101100010101010110010100011001110000110101010101101010001111101000101110101110110010010111110011001001010011001
132 14000 13954 00010101110110000010011100100110110011011100111010000010110011011111001010011111000010001001010010110000000010011000000011100001001001111101101111100111010111010000010011011101111100111110100100001010011101100001111110000001000011110011000110111101100111011111010101101000000110111100111010011100000011110100011110101111000011000101100111011111000001100000110001101001101100000011001100101110100010100001000111101010101000011100011101010011101111001011001011011100011111011001111110000000101000001001
134 14011 15063 01101011000111010011011110111100000001111001011110000010011000100111110111110010100101111111010011001000010000010010011101111110100011110010000001010011000100110001001100000001111000110110010000000110010010100110101111110111000111111111101001000101011110011100010011110111111101110000110001101100001110000101011100111101011100010100011101011110100100010011010111000111101000101111111001110010111001011101110011011011101000001011111010000011001000010101110111101010111100011111101011110100110001011101
136 14674 14639 00001111001111101110101110000011110011101111110011001001000101001001001010110011100100100101101010110000101101101110101101111011011101011010100101110010100111001101000000010111101110001010001111101110010101011110001111011010111110111100010000100001111011110001101011000111100000100101000101101001011110010011111100010111001110010001100010101111000111010011100101110010111001010110111101111101000100101110011111000111011001011000111001011010110010101100011000110111011110110011011000011010111100100010
138 13990 14742 00010000001110110011100110111111000101110111101100111100001101101010111000010111001100010000111111010100000101101000101000000011101011100100110001101100110110110110011101111000100010111100101011101010100101111101110111110111100011000000110111001100111111110101110110110011000100010110111111100110010001100100100001001100111010110011100100001001001101011100011101011010000000101101101101101111001001011101001100111010001010101010110010111100011100001100001100000001000111010111111010111011111110000100
140 14546 14860 01110010111110010111110001001111110100010110001010110000001101011111010010010100001100001111101010111000101100110100101001011101001101010011000001100010110110010011011010111001110111010010110001011100000110111111011100010000000111110011001000111111111111111011000010011111111000010111111000001000100011011101001001101111011001110110111011010011011101010110101101111100111010001010110111000110111010001001111110101100101110000110101010101101010001111101000101110101110110010010111110011001001010011001
141 14007 14221 11100010101100011101000000011100110100111111011111010101111011101011011110110011001110101000100000000100101010100100010111011111000011010010110010010001100100100000111000010011110100101111000110101011110100010111101101100111110011110010110100100001000001010010110011110001000111011000000111011011110001001100001010110110011011111011111010110100111001010110110011101110110001000001110010100101100010101010110010100011000100010111101100011100101101001111111111011000100000111011011001001100010001010010
143 13525 15019 11010011011000111100110110001001100010011110111100111011011101100101000011001001011000000100001110011111001100111111100100011000010100000001010001000010101000111111101010100100100100011000001101001000010011111100110010011001110110100000101110101010111000011011001110110010000001001001001100111011010100110011111110100001111110001100101000001001011110111001111110110011100100011011000011111100101011001110101110011100111110110100000011010011011111011100011110100100110111011111110010100111100000011110
144 14448 14359 00000011000110101000111111101011000111010011010011010010010110101110101001110011100011010110001000000001110100110101011100010111011001001101111101110001010101001111101011001101010101000001000100110101100010011001011000010111111001000111011100101110110111110111001101100001101111000000101010101111010100011000101000000101000100101101011111110111101110100101010110111001000000010110010111011000001000011011101110101011010101111110001010100110011110010110001101101001101010110011001110101111110111011111
145 14425 15815 11000101101100101011111101110100000111110011100001100100011101110000110101111110001011100111111111011011101111111101001111100000011110110101001000110111000110110111011001011011000111000101001011011100101010100110101111110111000111111111101001000101011110011100010011110111111101110000110001101100001110000101011100111101011100010100011101011110100100010011010111000111101000101111111001110010111001011101110011011011101000001011111010000011000000010101110111101010111100011111101011110100110001011101
147 14484 15242 01110010111110010111110001001111110100010110001010110000001101011111010010010100001100001111101010111000101100110100101001011101001101010011000001100010110110010011011010111001110111010010110001001100000110111111011100010000000111110011001000111111111111111011000010011111111000010111111000001000100011011101001000101111011001110110111011010011011101010110101101111100111010001010110111000110111010001001111111101011101111101001001010000111100001010111100011111101000101000111111111110011111111010001
148 14441 14796 00001111001111101110101110000011110011101111110011001001000101001001001010110011100100100101101010110000101101101110101101111011011101011010100101110010100111001101000000010111101110001010001101000101000001011111111001111101111010010011010110011100011011001100011010000011001001011110111010111001001110111011000100010001011001110101111110100001001011101100101111111010101001100011011000011111100010100010111010101101011010101000011001110000110011001000010101001111001111101010100001110110111010001110
