
1642 20827  
522 20887  
359 21166  
91 21174  
0 21707  

1962 19681  
1903 19809  
1626 19996  
1539 19999  
423 22319  
364 22447  
0 22637  

2593 20466  
2534 20594  
2170 20784  
1976 21720  
1715 21814  
1656 21942  
1553 22038  
1292 22132  
423 22253  
364 22381  
0 22571  

1459 17621  
1368 18016  
0 22105  

1764 19491  
1416 19633  
252 19699  
112 23080  
0 24115  

526 22460  
91 22475  
59 22540  
0 22960  

657 21432  
554 21450  
402 21456  
0 21552  

3041 11836  
2950 12095  
468 16311  
369 17179  
91 21369  
0 21628  

1122 19807  
1055 19854  
988 19922  
674 20147  
0 20897  

9128 21146  
0 22236  

548 20426  
380 20429  
0 23430  

1408 21892  
923 21903  
760 21906  
673 21909  
499 21915  
423 22008  
364 22136  
337 22224  
250 22227  
87 22323  
0 22326  

559 19035  
527 19100  
468 19486  
91 19917  
59 19982  
0 20394  

2620 19374  
2124 19467  
1863 19537  
0 22908  

760 22726  
0 23280  

4683 18812  
4538 19151  
4533 19309  
4356 20144  
4324 20213  
4265 20655  
182 20933  
118 21014  
91 21284  
59 21353  
0 21795  

5440 18101  
4037 18123  
3528 18134  
261 19329  
87 19491  
0 19589  

0 22367  

2015 17848  
1924 19045  
0 22228  

423 22067  
236 22146  
0 22385  
