
1297 12366  
1260 12951  
1024 13079  
915 14898  
627 21566  
477 22186  
118 24522  
0 28845  

802 14013  
443 14145  
324 14266  
59 21821  
0 22114  

1107 17460  
1047 17507  
987 17554  
835 17560  
819 17587  
759 17700  
0 20104  

925 17506  
684 17574  
608 17685  
91 22436  
0 22963  

3068 15133  
2141 15227  
2037 15376  
1888 15699  
1683 17471  
1660 19868  
91 20658  
0 20883  

5747 17312  
5629 17727  
2394 17779  
2276 19418  
2015 19529  
1053 20258  
118 22792  
0 23131  

3204 13375  
3054 13561  
2609 13881  
2277 14134  
2189 14406  
2039 14924  
1776 15011  
1685 15865  
1604 16019  
0 24536  

1942 19266  
1074 19334  
0 22190  

1088 15574  
1067 15853  
868 15921  
781 16193  
503 16205  
0 21224  

2845 14269  
2781 14463  
2604 14623  
2139 14712  
1721 15531  
1580 16594  
1460 16962  
1018 23028  
0 23656  

2443 11431  
2091 11718  
2030 11834  
1769 11838  
1732 12247  
1597 12490  
1164 12673  
418 22593  
59 22982  
0 24260  

2089 12305  
1828 12309  
1737 13131  
1459 19280  
1368 19569  
91 23025  
0 23505  

585 16915  
253 17240  
221 17305  
162 17703  
77 18237  
18 20218  
0 21280  

3574 14205  
3397 14486  
2723 14633  
2198 14935  
2111 14969  
2057 15502  
1998 15862  
174 18849  
0 18923  

1693 13763  
1525 13837  
1361 14058  
1193 14132  
1102 15737  
1036 22388  
688 22530  
182 24741  
0 25229  

3141 19573  
2779 19667  
2356 21457  
0 22307  

423 18405  
91 18723  
0 19197  

4437 14456  
3911 14597  
3786 14687  
3766 14782  
3641 14872  
3609 14937  
3323 15221  
3291 15286  
3232 15861  
3149 15998  
2983 17682  
0 20891  

3606 16974  
2984 16980  
2020 17125  
1443 17316  
1182 17524  
759 18516  
182 24456  
0 25701  

879 19874  
292 19880  
216 19979  
36 20829  
0 21339  
